62,4
62,5
62,1
62,3
61,3
3,2
3,1
3,3
10,102
10,28
10,226
10,138
10,186
10,120
10,262
10,252
11,4
11,14
11,16
11,18
11,12
11,6
11,2
11,3
8,10
8,16
8,4
8,6
8,8
8,2
8,3
12,2
12,1
12,3
82,4
82,3
82,2
82,1
82,0
81,6
81,5
81,4
81,3
81,2
81,1
81,0
80,5
80,4
80,3
80,2
80,1
80,0
79,6
79,5
79,4
79,3
79,2
79,1
79,0
67,3
67,2
67,1
67,0
66,5
66,4
66,3
66,2
66,1
66,0
65,5
65,4
65,3
65,2
65,1
65,0
64,5
64,4
64,3
64,2
64,1
64,0
63,5
63,4
63,1
63,3
63,2
61,1
61,4
61,2
60,3
60,1
11,1
11,26
20,2
20,1
20,3
19,2
19,1
19,3
18,1
